477
2 0
3 0
4 0
5 1
6 1
7 1
8 0
9 2
10 0
11 1
12 1
13 1
14 1
15 2
16 1
17 1
18 2
19 1
20 2
21 2
22 2
23 2
24 2
25 3
26 3
27 3
28 3
29 4
30 2
31 4
32 4
33 4
34 6
35 3
36 3
37 3
38 4
39 3
40 4
41 4
42 4
43 5
44 4
45 4
46 5
47 5
48 5
49 6
50 6
51 6
52 6
53 6
54 6
55 8
56 6
57 7
58 6
59 11
60 13
61 13
62 13
63 11
64 8
65 9
66 9
67 9
68 10
69 11
70 10
71 10
72 10
73 11
74 12
75 19
76 20
77 21
78 20
79 20
80 12
81 14
82 13
83 14
84 15
85 14
86 15
87 16
88 15
89 16
90 15
91 18
92 17
93 16
94 24
95 30
96 31
97 32
98 32
99 33
100 28
