1047
2 0
3 0
4 1
5 0
6 3
7 1
8 1
9 1
10 1
11 2
12 1
13 2
14 2
15 2
16 3
17 3
18 3
19 4
20 4
21 4
22 4
23 5
24 6
25 5
26 7
27 4
28 5
29 5
30 5
31 5
32 6
33 6
34 7
35 7
36 6
37 8
38 8
39 8
40 8
41 9
42 9
43 9
44 10
45 12
46 17
47 18
48 17
49 11
50 12
51 12
52 12
53 15
54 13
55 14
56 14
57 18
58 25
59 27
60 29
61 27
62 23
63 24
64 24
65 25
66 26
67 28
68 27
69 28
70 29
71 30
72 35
73 47
74 49
75 51
76 51
77 43
78 38
79 37
80 38
81 39
82 40
83 41
84 44
85 43
86 43
87 45
88 46
89 47
90 49
91 48
92 48
93 49
94 51
95 53
96 53
97 55
98 55
99 58
100 60
