859
2 0
3 0
4 0
5 2
6 1
7 2
8 1
9 1
10 3
11 3
12 4
13 4
14 5
15 6
16 7
17 8
18 10
19 13
20 14
21 17
22 18
23 20
24 23
25 25
26 29
27 31
28 37
29 36
30 40
31 42
32 47
33 51
34 56
35 61
36 65
37 71
38 76
39 83
40 89
41 101
42 104
43 112
44 118
45 133
46 135
47 145
48 154
49 165
50 173
51 189
52 192
53 210
54 227
55 234
56 244
57 264
58 268
59 291
60 294
61 313
62 335
63 343
64 400
65 381
66 384
67 495
68 456
69 449
70 527
71 553
72 557
73 565
74 614
75 618
76 649
77 708
78 714
79 776
80 794
81 838
82 857
83 836
84 934
85 958
86 1018
87 1006
88 1022
89 1119
90 1129
91 1186
92 1221
93 1272
94 1292
95 1379
96 1541
97 1617
98 1805
99 1860
100 1740
