768
2 0
3 0
4 1
5 2
6 1
7 1
8 2
9 1
10 2
11 3
12 3
13 4
14 4
15 6
16 6
17 8
18 8
19 11
20 13
21 15
22 16
23 19
24 20
25 23
26 25
27 27
28 32
29 35
30 35
31 38
32 42
33 46
34 50
35 54
36 59
37 65
38 68
39 74
40 80
41 87
42 95
43 100
44 105
45 115
46 121
47 131
48 137
49 148
50 158
51 170
52 172
53 187
54 192
55 208
56 221
57 238
58 238
59 294
60 261
61 293
62 289
63 343
64 391
65 373
66 364
67 367
68 424
69 407
70 415
71 472
72 480
73 494
74 492
75 561
76 603
77 628
78 648
79 671
80 700
81 767
82 816
83 734
84 772
85 866
86 869
87 924
88 948
89 997
90 963
91 1082
92 1092
93 1098
94 1219
95 1231
96 1378
97 1504
98 1451
99 1583
100 1613